sequential_10/simple_rnn_4/simple_rnn_cell_4/kernel:0
(5, 3)
[[ 1.4983208  -2.295252    1.2244061 ]
 [-0.74196583 -2.5358407  -2.1579685 ]
 [ 1.1904405   1.5853131  -0.49044997]
 [-2.7856817   1.0130076  -2.5605145 ]
 [-2.6360147   0.4823052   1.0945748 ]]
sequential_10/simple_rnn_4/simple_rnn_cell_4/recurrent_kernel:0
(3, 3)
[[-0.2885282   0.1160858   0.95040816]
 [ 0.01078506 -0.9921659   0.12446039]
 [ 0.9574107   0.04616053  0.28501582]]
sequential_10/simple_rnn_4/simple_rnn_cell_4/bias:0
(3,)
[0.77912927 0.5538301  0.5445532 ]
sequential_10/dense_14/kernel:0
(3, 5)
[[-2.8149009   1.7249851  -0.23068593  1.55986    -2.5747573 ]
 [ 0.9181293  -2.8396037  -2.4343414   1.4776213   1.4494526 ]
 [ 2.9698584   2.4384296  -2.252431    0.30770501 -2.2460995 ]]
sequential_10/dense_14/bias:0
(5,)
[-0.15987533 -0.5444909   0.64017755  0.6759436  -0.42375696]
